Movie Report
------------

Frame #    Frame Bytes    Total Bytes    Page
-------    -----------    -----------    ---------------
    1          7282           7282        Scene 1
    2             2           7284          2
    3             2           7286          3
    4             2           7288          4
    5             2           7290          5
    6             2           7292          6
    7             2           7294          7
    8             2           7296          8
    9             2           7298          9
   10             2           7300          10
   11             2           7302          11
   12             2           7304          12
   13             2           7306          13
   14             2           7308          14
   15             2           7310          15
   16             2           7312          16
   17             2           7314          17
   18             2           7316          18
   19             2           7318          19
   20             2           7320          20
   21            48           7368          21
   22            23           7391          22
   23            27           7418          23
   24            28           7446          24
   25            27           7473          25
   26            27           7500          26
   27            31           7531          27
   28            28           7559          28
   29            27           7586          29
   30            27           7613          30
   31            27           7640          31
   32            28           7668          32
   33            28           7696          33
   34            28           7724          34
   35            26           7750          35
   36            28           7778          36
   37            28           7806          37
   38            28           7834          38
   39            28           7862          39
   40            27           7889          40
   41            28           7917          41
   42            28           7945          42
   43            28           7973          43
   44            28           8001          44
   45            27           8028          45
   46            27           8055          46
   47            28           8083          47
   48            28           8111          48
   49            28           8139          49
   50            28           8167          50
   51            27           8194          51
   52            27           8221          52
   53            28           8249          53
   54            28           8277          54
   55            28           8305          55
   56            28           8333          56
   57            28           8361          57
   58            27           8388          58
   59            28           8416          59
   60            28           8444          60
   61            28           8472          61
   62            28           8500          62
   63            28           8528          63
   64            28           8556          64
   65            18           8574          65
   66             6           8580          66
   67             2           8582          67
   68             2           8584          68
   69             2           8586          69
   70             2           8588          70
   71             2           8590          71
   72             2           8592          72
   73             2           8594          73
   74             2           8596          74
   75             2           8598          75
   76             2           8600          76
   77             2           8602          77
   78             2           8604          78
   79             2           8606          79
   80             2           8608          80
   81             2           8610          81
   82             2           8612          82
   83             2           8614          83
   84             2           8616          84
   85             2           8618          85
   86             2           8620          86
   87             2           8622          87
   88             2           8624          88
   89             2           8626          89

Page                       Shape Bytes    Text Bytes
-----------------------    -----------    ----------
Scene 1                           0             0

Embedded Objects                 60             0

Symbol                     Shape Bytes    Text Bytes
-----------------------    -----------    ----------
Symbol 5                          0             0
Symbol 4                          0             0
Symbol 3                          0             0
Symbol 2                          0             0
Tween 1                           0             0

Bitmap                     Compressed  Original    Compression
-----------------------    ----------  ----------  ------------
simonrwhite.gif                 7158       49600   Lossless
